☐☐☐☐☐▉☐☐☐☐☐▉☐☐☐☐- ▉☐4☐
☐☐☐▉☐☐▉☐☐☐▉☐☐▉☐☐- 4644
☐☐☐▉☐▉▉▉▉▉▉▉☐▉☐☐- 6▉32
☐☐☐▉▉▉☐▉▉▉☐▉▉▉☐☐- 7644
☐☐☐▉▉▉▉▉▉▉▉▉▉▉☐☐- 8▉88
☐☐☐☐▉▉▉▉▉▉▉▉▉☐☐☐- 4☐88
☐☐☐☐☐▉☐☐☐☐☐▉☐☐☐☐- ▉☐4☐
☐☐☐☐▉☐☐☐☐☐☐☐▉☐☐☐- 2☐56

☐☐☐☐☐▉☐☐☐☐☐▉☐☐☐☐- 1040
☐☐☐☐☐☐▉☐☐☐▉☐☐☐☐☐- 0544
☐☐☐☐☐▉▉▉▉▉▉▉☐☐☐☐- 2032
☐☐☐☐▉▉☐▉▉▉☐▉▉☐☐☐- 3544
☐☐☐▉▉▉▉▉▉▉▉▉▉▉☐☐- 8188
☐☐☐▉☐▉▉▉▉▉▉▉☐▉☐☐- 6132
☐☐☐▉☐▉☐☐☐☐☐▉☐▉☐☐- 5140
☐☐☐☐☐☐▉▉☐▉▉☐☐☐☐☐- 0864

000110000000- 384
001111000000- 960
011111100000- 2016
110110110000- 3504
111111110000- 4080
001001000000- 576
010110100000- 1440
101001010000- 2640

000110000000- 384
001111000000- 960
011111100000- 2016
110110110000- 3504
111111110000- 4080
010110100000- 1440
100000010000- 2064
010000100000- 1056

0000001111000000- 960
0001111111111000- 8184
0011111111111100- 16380
0011100110011100- 14748
0011111111111100- 16380
0000011001100000- 1632
0000110110110000- 3504
0011000000001100- 12300

0000001111000000- 960
0001111111111000- 8184
0011111111111100- 16380
0011100110011100- 14748
0011111111111100- 16380
0000111001110000- 3696
0001100110011000- 6552
0000110000110000- 3120

0000000000000000- 0
0000011111100000- 2016
0001111111111000- 8184
0011111111111100- 16380
0110110110110110- 28086
1111111111111111- 65535
0011100110011100- 14748 
0001000000001000- 4104

0000000010000000- 128
0000000111000000- 448
0000000111000000- 448
0001111111111100- 8188
0011111111111110- 16382
0011111111111110- 16382
0011111111111110- 16382
0011111111111110- 16382

0000000010000000- 128
0000000010000000- 128
0000000010000000- 128
0000000010000000- 128


0001000000000100- 4100
1000001000011001- 33305
0001000011000000- 4288
0000001000000010- 514
0100101100110001- 19249
0010000111000100- 8644
0001111111110000- 8176
0011011111110010- 14322

000001000000000- 512
000000000010000- 16
000001010100000- 672
001001000000000- 4608
000000110110000- 432
100010110101000- 17832
001111111100100- 8164
011111111110101- 16373






















zero,
01110,
10001,
10011,
10101,
11001,
01110,
one,
00100,
01100,
00100,
00100,
00100,
01110,
2,
01110,
10001,
00001,
01110,
10000,
10111,
3,
11111,
00001,
00010,
00110,
00001,
10001,
01110,
4
00010,
00110,
01010,
10010,
11111,
00010,
00010,
5,
11111,
10000,
10000,
01110,
00001,
10001,
01110,
6,
00111,
01000,
10000,
11110,
10001,
10001,
01110,
7,
11111,
00001,
00010,
00100,
01000,
01000,
8,
01110,
10001,
10001,
01110,
10001,
10001,
01110,
9,
01110,
10001,
10001,
01111,
00001,
00010,
11100,
<,
00001,
00010,
00100,
01000,
00100,
00010,
00001,
<,
10000,
01000,
00100,
01000,
00100,
01000,
10000,
A,
00100,
01010,
10001,
10001,
11111,
10001,
10001,
B,
11110,
10001,
10001,
11110,
10001,
10001,
11110,
C,
01110,
10001,
10000,
10000,
10000,
10001,
01110,
D,
11110,
10001,
10001,
10001,
10001,
10001,
11110,
E,
11111,
10000,
10000,
11110,
10000,
10000,
11111,
F,
11111,
10000,
10000,
11110,
10000,
10000,
10000,
G,
01110,
10001,
10000,
10111,
10001,
10001,
01110,
H,
10001,
10001,
10001,
11111,
10001,
10001,
10001,
I,
01110,
00100,
00100,
00100,
00100,
00100,
01110,
J,
00001,
00001,
00001,
00001,
00001,
10001,
01110,
K,
10001,
10010,
10100,
11000,
10100,
10010,
10001,
L,
10000,
10000,
10000,
10000,
10000,
10000,
11111,
M,
10001,
11011,
10101,
10101,
10001,
10001,
10001,
N,
10001,
10001,
11001,
10101,
10011,
10001,
10001,
O,
01110,
10001,
10001,
10001,
10001,
10001,
01110,
P,
11110,
10001,
10001,
11110,
10000,
10000,
10000,
Q,
01110,
10001,
10001,
10001,
10101,
10011,
01111,
R,
11110,
10001,
10001,
11110,
10100,
10010,
10001,
S,
01110,
10001,
10000,
01110,
00001,
10001,
01110,
T,
11111,
00100,
00100,
00100,
00100,
00100,
00100,
U,
10001,
10001,
10001,
10001,
10001,
10001,
01110,
W,
10001,
10001,
10001,
10101,
10101,
11011,
10001,
X,
10001,
10001,
01010,
00100,
01010,
10001,
10001,
Y,
10001,
10001,
01010,
00100,
00100,
00100,
00100,
Z,
11111,
00001,
00010,
00100,
01000,
10000,
11111,
*,
00100,
10101,
01110,
00100,
01110,
10101,
00100,
=,
00000,
00000,
11111,
00000,
11111,
00000,
00000/

0001001010000001-4737  01001000-72
0000100000000110-2054  00010000-16
0101000111100011-20963 00000000-0
0000001111111001-1017  11001000-200
0000011101010100-1876  11100100-228
0001000111110001-4593  10000000-128
0100000010100011-16547 00010000-16
0001000100010000-4368  10000000-128

zero,01110,10001,10011,10101,11001,01110,one,00100,01100,00100,00100,00100,01110,2,01110,10001,00001,01110,10000,10111,3,11111,00001,00010,00110,00001,10001,01110,4,00010,00110,01010,10010,11111,00010,00010,5,11111,10000,10000,01110,00001,10001,01110,6,00111,01000,10000,11110,10001,10001,01110,7,11111,00001,00010,00100,01000,01000,8,01110,10001,10001,01110,10001,10001,01110,9,01110,10001,10001,01111,00001,00010,11100,<,00001,00010,00100,01000,00100,00010,00001,<,10000,01000,00100,01000,00100,01000,10000,A,00100,01010,10001,10001,11111,10001,10001,B,11110,10001,10001,11110,10001,10001,11110,C,01110,10001,10000,10000,10000,10001,01110,D,11110,10001,10001,10001,10001,10001,11110,E,11111,10000,10000,11110,10000,10000,11111,F,11111,10000,10000,11110,10000,10000,10000,G,01110,10001,10000,10111,10001,10001,01110,H,10001,10001,10001,11111,10001,10001,10001,I,01110,00100,00100,00100,00100,00100,01110,J,00001,00001,00001,00001,00001,10001,01110,K,10001,10010,10100,11000,10100,10010,10001,L,10000,10000,10000,10000,10000,10000,11111,M,10001,11011,10101,10101,10001,10001,10001,N,10001,10001,11001,10101,10011,10001,10001,O,01110,10001,10001,10001,10001,10001,01110,P,11110,10001,10001,11110,10000,10000,10000,Q,01110,10001,10001,10001,10101,10011,01111,R,11110,10001,10001,11110,10100,10010,10001,S,01110,10001,10000,01110,00001,10001,01110,T,11111,00100,00100,00100,00100,00100,00100,U,10001,10001,10001,10001,10001,10001,01110,W,10001,10001,10001,10101,10101,11011,10001,X,10001,10001,01010,00100,01010,10001,10001,Y,10001,10001,01010,00100,00100,00100,00100,Z,11111,00001,00010,00100,01000,10000,11111,*,00100,10101,01110,00100,01110,10101,00100,=,00000,00000,11111,00000,11111,00000,00000/